24 0.829861 0.191406 0.076389 0.066406
24 0.829861 0.097168 0.090278 0.043945
24 0.644097 0.165039 0.079861 0.025391
24 0.298611 0.146973 0.062500 0.041992
24 0.344618 0.170898 0.078125 0.039062
24 0.578993 0.525391 0.092014 0.027344
24 0.501736 0.546387 0.072917 0.028320
24 0.553819 0.334961 0.045139 0.039062
24 0.749132 0.313477 0.085069 0.029297
24 0.348958 0.208984 0.079861 0.021484
24 0.652778 0.236328 0.045139 0.031250
24 0.933160 0.275879 0.046875 0.051758
24 0.907986 0.202637 0.062500 0.036133
24 0.912326 0.093750 0.053819 0.037109
24 0.243056 0.078125 0.041667 0.054688
24 0.340278 0.087402 0.062500 0.049805
24 0.536458 0.100586 0.052083 0.041016
24 0.261285 0.368652 0.067708 0.028320
24 0.294271 0.274414 0.071181 0.054688
24 0.383681 0.285645 0.072917 0.030273
24 0.353299 0.253418 0.064236 0.051758
24 0.617188 0.299805 0.057292 0.033203
24 0.868924 0.592773 0.116319 0.039062
24 0.868924 0.549316 0.074653 0.038086
24 0.845486 0.484863 0.093750 0.036133
24 0.868924 0.420410 0.095486 0.055664
24 0.766493 0.374023 0.067708 0.060547
24 0.715278 0.411621 0.086806 0.032227
24 0.161458 0.518066 0.045139 0.075195
24 0.330729 0.544434 0.112847 0.049805
24 0.368924 0.570312 0.102431 0.044922
24 0.401042 0.480469 0.107639 0.041016
24 0.263889 0.477051 0.121528 0.051758
24 0.422743 0.411621 0.050347 0.040039
24 0.380208 0.386230 0.041667 0.045898
24 0.433160 0.339844 0.067708 0.027344
24 0.493056 0.324707 0.048611 0.045898
24 0.473090 0.365234 0.057292 0.033203
24 0.526910 0.442871 0.085069 0.036133
24 0.604167 0.431641 0.062500 0.041016
24 0.631076 0.462891 0.081597 0.033203
24 0.538194 0.474121 0.107639 0.028320