18 0.398534 0.784979 0.094136 0.242798
18 0.533372 0.774691 0.120756 0.263374
18 0.514082 0.525463 0.048225 0.147634
18 0.615355 0.359053 0.101080 0.143004
18 0.871142 0.842850 0.132716 0.261831
18 0.765432 0.601595 0.070988 0.152778
18 0.141590 0.431327 0.096451 0.352366
18 0.215278 0.149434 0.113426 0.295782
18 0.229360 0.341564 0.056713 0.117284
20 0.394676 0.417695 0.074846 0.137860
20 0.705826 0.297840 0.048225 0.223251
20 0.967978 0.630916 0.064043 0.169239
18 0.336227 0.253858 0.073688 0.224794
20 0.519483 0.359053 0.080633 0.139918
20 0.813657 0.270062 0.070988 0.102881
20 0.807677 0.172582 0.073688 0.084877
20 0.054784 0.760288 0.094136 0.176955
18 0.456211 0.078447 0.091435 0.121914
20 0.937307 0.256944 0.065201 0.195988