24 0.644869 0.203189 0.071373 0.054527
24 0.588156 0.150206 0.052083 0.113169
24 0.417052 0.913323 0.054784 0.081790
24 0.427083 0.807613 0.059414 0.057613
24 0.423418 0.868056 0.058256 0.040638
24 0.939622 0.557356 0.099151 0.112654
24 0.909722 0.641718 0.113426 0.100309
24 0.446181 0.566358 0.063657 0.093621
24 0.400270 0.428241 0.076003 0.094136
24 0.351852 0.370113 0.054012 0.110597
24 0.347029 0.272377 0.052855 0.054012
24 0.549383 0.467335 0.083333 0.077675
24 0.588349 0.626800 0.102623 0.122942
24 0.494985 0.693930 0.070988 0.124486