20 0.636852 0.608844 0.147605 0.278912
20 0.136852 0.546259 0.218964 0.178231
20 0.298631 0.674830 0.112414 0.255782
20 0.231183 0.389116 0.141740 0.198639
20 0.309384 0.308163 0.145650 0.142857
20 0.482893 0.453061 0.129032 0.081633
20 0.633920 0.423129 0.178886 0.089796
20 0.739003 0.365306 0.064516 0.235374
20 0.873900 0.525170 0.218964 0.160544
20 0.574780 0.872789 0.148583 0.096599
20 0.453568 0.867347 0.101662 0.093878
20 0.525415 0.934014 0.067449 0.091156
20 0.584555 0.182313 0.086022 0.187755
20 0.456500 0.119048 0.144673 0.170068
20 0.596774 0.291156 0.096774 0.057143
20 0.516618 0.228571 0.067449 0.119728
20 0.481427 0.246939 0.106549 0.099320
20 0.371457 0.630612 0.086022 0.151020