10 0.426154 0.541697 0.118462 0.376737
10 0.238846 0.423189 0.228462 0.315289
10 0.226923 0.723482 0.146154 0.311631
10 0.422308 0.806511 0.138462 0.265545
10 0.652692 0.656181 0.122308 0.206291
10 0.506923 0.319312 0.286154 0.259693
10 0.761538 0.427579 0.116923 0.231895
10 0.761538 0.528164 0.163077 0.263350
10 0.746538 0.700439 0.074615 0.204097
10 0.525000 0.795903 0.074615 0.272129
10 0.061154 0.788222 0.079231 0.176298
10 0.568462 0.758961 0.123077 0.224579
10 0.549231 0.625457 0.126154 0.204828
10 0.359615 0.634967 0.093077 0.263350
10 0.585769 0.410022 0.220769 0.057791