10 0.202778 0.244743 0.050000 0.169393
10 0.256111 0.273364 0.065556 0.203271
10 0.156111 0.268107 0.072222 0.223131
10 0.126667 0.808995 0.100000 0.227804
10 0.361111 0.831776 0.071111 0.198598
10 0.436111 0.800234 0.065556 0.193925
10 0.743333 0.130841 0.088889 0.259346
10 0.551667 0.855140 0.154444 0.091121
10 0.040556 0.902453 0.076667 0.181075
10 0.546111 0.279206 0.052222 0.128505
10 0.378333 0.640771 0.056667 0.108645
10 0.621111 0.698014 0.106667 0.117991
10 0.717778 0.778037 0.104444 0.133178
10 0.862778 0.913551 0.085556 0.112150
10 0.935000 0.924650 0.072222 0.150701
10 0.797778 0.911799 0.068889 0.103972
10 0.351667 0.219042 0.041111 0.096963
10 0.312222 0.298481 0.042222 0.103972
10 0.883333 0.122079 0.066667 0.227804
10 0.816667 0.600467 0.075556 0.186916
10 0.193889 0.732477 0.050000 0.109813
10 0.792222 0.741822 0.042222 0.091121
10 0.758333 0.892523 0.076667 0.079439
10 0.107778 0.070093 0.051111 0.135514
10 0.453333 0.276869 0.042222 0.060748