15 0.404000 0.478339 0.198000 0.234657
15 0.494000 0.608303 0.194000 0.205776
15 0.770000 0.711793 0.192000 0.179302
15 0.627500 0.732250 0.141000 0.210590
15 0.688500 0.600481 0.165000 0.206980
15 0.804000 0.336342 0.154000 0.212996
15 0.665500 0.357401 0.109000 0.219013
15 0.684000 0.500000 0.150000 0.109507
15 0.572000 0.353791 0.106000 0.228640
15 0.874500 0.151625 0.165000 0.211793
15 0.742000 0.183514 0.112000 0.215403
15 0.447500 0.277978 0.127000 0.252708
15 0.322500 0.288207 0.159000 0.179302
15 0.238000 0.517449 0.132000 0.175692
15 0.118000 0.535499 0.160000 0.170878
15 0.351500 0.784597 0.157000 0.202166
15 0.228000 0.677497 0.166000 0.170878
15 0.142500 0.763538 0.127000 0.249097
15 0.088000 0.423586 0.174000 0.144404
15 0.187000 0.275572 0.128000 0.197353
15 0.086000 0.226233 0.126000 0.223827
15 0.240500 0.160048 0.159000 0.098676
15 0.147000 0.105295 0.116000 0.162455