17 0.484444 0.478723 0.222222 0.344681
17 0.312222 0.602128 0.286667 0.204255
17 0.610000 0.601064 0.264444 0.214894
17 0.201111 0.715957 0.344444 0.172340
17 0.284444 0.853191 0.231111 0.165957
17 0.231111 0.252128 0.200000 0.253191
17 0.276667 0.106383 0.264444 0.153191
17 0.135556 0.189362 0.124444 0.217021
17 0.662222 0.108511 0.284444 0.174468
17 0.698889 0.286170 0.162222 0.248936
17 0.845556 0.151064 0.157778 0.195745
17 0.697778 0.872340 0.253333 0.174468
17 0.715556 0.658511 0.195556 0.317021