17 0.652778 0.629938 0.204248 0.282744
17 0.849673 0.682952 0.192810 0.293139
17 0.614379 0.839917 0.271242 0.199584
17 0.312908 0.809771 0.269608 0.201663
17 0.300654 0.609148 0.192810 0.320166
17 0.147059 0.615385 0.153595 0.291060
17 0.151961 0.316008 0.160131 0.253638
17 0.311275 0.256757 0.233660 0.172557
17 0.282680 0.143451 0.218954 0.178794
17 0.815359 0.274428 0.179739 0.224532
17 0.717320 0.336798 0.140523 0.232848
17 0.619281 0.134096 0.218954 0.155925
17 0.575980 0.249480 0.214052 0.145530