24 0.775378 0.872300 0.175378 0.184349
24 0.668898 0.329573 0.061771 0.080173
24 0.635421 0.368219 0.089849 0.079693
24 0.626566 0.165146 0.307127 0.149784
24 0.217063 0.186510 0.428078 0.208833
24 0.127214 0.646663 0.253564 0.630821
24 0.274730 0.509121 0.197840 0.232837
24 0.507127 0.438550 0.120086 0.124340
24 0.406479 0.407105 0.112311 0.160346
24 0.496112 0.667547 0.147300 0.228997
24 0.731965 0.630341 0.191361 0.116179
24 0.855940 0.720835 0.288121 0.142583
24 0.656587 0.808929 0.165011 0.216995