24 0.895363 0.344628 0.181704 0.203306
24 0.668546 0.372727 0.126566 0.203306
24 0.820175 0.185950 0.159148 0.193388
24 0.700501 0.105785 0.137845 0.191736
24 0.827068 0.698347 0.040100 0.077686
24 0.898496 0.718182 0.042607 0.123967
24 0.822055 0.609917 0.052632 0.148760
24 0.689223 0.853719 0.092732 0.163636
24 0.749373 0.659504 0.077694 0.165289
24 0.715539 0.719008 0.060150 0.072727
24 0.647243 0.710744 0.096491 0.138843
24 0.604010 0.835537 0.162907 0.157025
24 0.038847 0.821488 0.075188 0.178512
24 0.241228 0.640496 0.038847 0.087603
24 0.261278 0.867769 0.068922 0.099174
24 0.337093 0.895868 0.057644 0.092562
24 0.171679 0.782645 0.072682 0.117355
24 0.412907 0.716529 0.086466 0.087603
24 0.296992 0.665289 0.065163 0.090909
24 0.181078 0.656198 0.056391 0.095868
24 0.121554 0.238843 0.150376 0.117355
24 0.310150 0.279339 0.164160 0.092562
24 0.224311 0.170248 0.122807 0.214876