24 0.653125 0.713604 0.060417 0.119332
24 0.855208 0.421241 0.118750 0.140811
24 0.725000 0.507160 0.133333 0.121718
24 0.435417 0.713604 0.075000 0.090692
24 0.495833 0.632458 0.091667 0.105012
24 0.529167 0.602625 0.062500 0.112172
24 0.409375 0.536993 0.052083 0.081146
24 0.430208 0.442721 0.127083 0.116945
24 0.258333 0.613365 0.083333 0.162291
24 0.173958 0.579952 0.093750 0.119332
24 0.137500 0.491647 0.145833 0.124105
24 0.701042 0.714797 0.060417 0.097852
24 0.683333 0.620525 0.062500 0.138425
24 0.795833 0.599045 0.108333 0.105012